9.205818859183939	10.006219580478016
9.205818771309294	10.006219581188775
9.205817952988976	10.006219587807088
9.205817906127116	10.006219588186037
9.205819079547807	10.006219578695639
9.205817597277573	10.006219590683713
9.205818868869654	10.00621958039967
9.205818895191367	10.006219580186444
9.205817834295711	10.006219588766966
9.205818809395875	10.006219580880732
9.205819049359201	10.00621957909679
9.205818755702568	10.006219581315241
9.205817945288636	10.00621958786936
9.205818833021947	10.006219580689622
9.205817733854854	10.006219589579262
9.205818814797828	10.006219580837033
9.205817956971476	10.00621958777487
9.20581769055127	10.006219589929435
5.044458746595028	3.0633615189761825
9.205817874584016	10.006219588441144
9.205819106266059	10.00621957847953
9.205819068866141	10.006219578782035
9.205818887134644	10.00621958025201
9.205818809017018	10.006219580883789
9.20581890951031	10.006219580070939
9.205817788393748	10.006219589138214
9.20581777329854	10.006219589260425
9.205818753596544	10.006219581332042
9.205819096190114	10.006219578561023
9.205819007161278	10.006219579281117
9.205818952557523	10.006219579722762
9.205817884777243	10.006219588358775
9.20581789620478	10.006219588263058
9.205817747230872	10.006219589471062
9.205818938741531	10.006219579834669
9.205817682109947	10.006219589997691
9.205817958000178	10.006219587766548
9.205818982517451	10.006219579480476
9.205818811842093	10.00621958086094
9.205817928699332	10.006219588003306
5.044457306833288	3.0633615044925313
5.044457331383763	3.063361494838558
5.04445723535262	3.063361504922777
5.044457306405248	3.0633615046172578
5.044457473904214	3.0633615040424536
5.044457415024587	3.0633615047345977
5.044458992628338	3.0633615585870007
5.044457453585094	3.0633615000186634
5.0444589611383135	3.063361510202575
5.044457337982409	3.0633615030948316
5.044458592902894	3.0633615094262856
5.044458726732168	3.063361510284965
5.044457500489814	3.063361505418431
5.044458749265252	3.0633615094887228
5.044457520684372	3.0633615040927262
5.044457531825717	3.0633619581541285
5.044457600776499	3.0633615061136306
5.044458615724377	3.0633615107414385
5.044458633717142	3.0633615097360947
5.0444589065162155	3.0633615083769694
5.0444587719163	3.063361510240049
5.044458654068306	3.063361509825952
5.044457267768943	3.0633615069689624
5.044457208243587	3.06336150268114
5.044457196324138	3.0633615269791807
5.044458887182997	3.063361508560913
5.044458627574478	3.063361542893985
5.044459011140324	3.063361511844514
5.044458723045406	3.0633615103978427
5.0444588313828325	3.0633615104813727
5.044457573072206	3.0633615050099867
5.044457166369945	3.06336149957308
5.044458985235696	3.0633615138060613
5.044458496296947	3.0633613857608664
5.044457533563907	3.0633615040513513
5.044457173922897	3.063361502335482
5.044458838338522	3.0633615104471152
5.044457548672309	3.063361502773948
5.04445731093571	3.0633615005107657
5.044458868133743	3.063361509929962
5.044457172692688	3.063361504134171
5.04445859572235	3.0633615089519957
5.04445860694007	3.06336151249567
5.044457370054193	3.0633615045905325
5.04445752454454	3.063361506539937
5.044458558371631	3.0633615122845126
5.044458640286197	3.0633615099285385
5.044457347372406	3.0633615034871235
5.044458719195725	3.063361507411689
5.044458702659841	3.063361509937356
-4.108442892294529	5.39692469375226
-4.108444214544708	5.396925727284767
-4.10844280071646	5.396924622101952
-4.108442884206712	5.396924687394708
-4.108442631970202	5.396924490244982
-4.108444221541426	5.39692573274296
-4.108444274216975	5.396925773952674
-4.108442540095009	5.396924418312517
-4.1084428733658775	5.396924678707685
-4.1084440577324335	5.396925604730619
-4.108442908885933	5.396924707044527
-4.108442536434448	5.396924415593109
-4.108442717099419	5.396924556774278
-4.108442594633736	5.396924461011527
-4.10844279549855	5.396924618065426
-4.108444057649237	5.3969256046505105
-4.108444350088594	5.396925834726988
-4.108442653340752	5.396924506853762
-4.108442680402432	5.396924528102261
-4.108444418842049	5.3969258878446364
-4.108444030608122	5.396925583516994
-4.108444313536022	5.396925804692516
-4.108444269313639	5.396925770133319
-4.108442884376396	5.396924687520505
-4.108444413674075	5.396925882969952
-4.108444009476308	5.396925694857474
-4.108444099593328	5.396925637448801
-4.108444034830826	5.396925586818461
-4.108444287700311	5.396925784492119
-4.108442683624196	5.396924530534506
-4.108442883139142	5.396924686752419
5.044457454760859	3.0633615049947225
-4.1084440427662186	5.396925593030246
-4.108444332914853	5.396925821101911
-4.108442692732067	5.396924537718506
